#VESTA_FORMAT_VERSION 2

TITLE
C1

GROUP
1 1 P 1
SYMOP
 0.000000  0.000000  0.000000   1  0  0   0  1  0   0  0  1
 -1.0 -1.0 -1.0  0 0 0  0 0 0  0 0 0
TRANM
 0.000000  0.000000  0.000000  1  0  0   0  1  0   0  0  1
CELLP
  3.566606   3.566606   3.566606  90.000000  90.000000  90.000000
  0.000000   0.000000   0.000000   0.000000   0.000000   0.000000
STRUC
  1  C      C1  1.0000   0.000000   0.000000   0.000000    1a       1
                         0.000000   0.000000   0.000000  0.00
  2  C      C2  1.0000   0.000000   0.500000   0.500000    1a       1
                         0.000000   0.000000   0.000000  0.00
  3  C      C3  1.0000   0.500000   0.500000   0.000000    1a       1
                         0.000000   0.000000   0.000000  0.00
  4  C      C4  1.0000   0.500000   0.000000   0.500000    1a       1
                         0.000000   0.000000   0.000000  0.00
  5  C      C5  1.0000   0.750000   0.250000   0.750000    1a       1
                         0.000000   0.000000   0.000000  0.00
  6  C      C6  1.0000   0.250000   0.250000   0.250000    1a       1
                         0.000000   0.000000   0.000000  0.00
  7  C      C7  1.0000   0.250000   0.750000   0.750000    1a       1
                         0.000000   0.000000   0.000000  0.00
  8  C      C8  1.0000   0.750000   0.750000   0.250000    1a       1
                         0.000000   0.000000   0.000000  0.00
  0 0 0 0 0 0 0
THERI 0
  1      C1  1.000000
  2      C2  1.000000
  3      C3  1.000000
  4      C4  1.000000
  5      C5  1.000000
  6      C6  1.000000
  7      C7  1.000000
  8      C8  1.000000
  0 0 0
ATOMT
  1  C  0.7700  0.5020  0.2863  0.1608  0.5020  0.2863  0.1608
  0 0 0 0 0 0
MODEL 1 191
RADII 0
BOUND
       0        1         0        1         0        1
  0   0   0   0  0
SBOND
  1     C     C   0   1.60000  1  1    0.00000  0
  0 0 0 0
HBOND 0 2
SPLAN
  0   0   0   0
ATOMS 0
BONDS 0
POLYS 1
ATOMP
 16  24   0  50  2.0   1
BONDP
  1  16  0.400  0.423  1.000 0.7529 0.7529 0.7529
POLYP
  0.680 1  1.000 0.6784 0.6784 0.6784
HKLPP
  1.000 0  1.000  0.0  0.0  0.0
UCOLP
  1  1.000 0.0000 0.0000 0.0000
ISURF 1
  0   0  96          1          1          0   1
  1          1          0
BKGRC
   1.0000 1.0000 1.0000
PROJT 0
COMPS 0
DPTHQ 0 -0.5000  3.5000
SCENE
 0.999592 -0.005957  0.027930  0.000000
 0.006929  0.999370 -0.034817  0.000000
-0.027705  0.034996  0.999003  0.000000
 0.000000  0.000000  0.000000  1.000000
  0.000   0.000
  0.000
  1.000
LIGHT0
 0.770  0.354 -0.530  0.000
 0.150  0.707  0.691  0.000
 0.619 -0.612  0.492  0.000
 0.000  0.000  0.000  1.000
 0.000  0.000 20.000  0.000
 0.000  0.000 -1.000
 0.220  0.220  0.220  1.000
 0.700  0.700  0.700  1.000
 1.000  1.000  1.000  1.000
ATOMM
  0.220   0.220   0.220   1.000
  0.220   0.220   0.220   1.000
  0.220   0.220   0.220   1.000
 98.560
BONDM
  0.549   0.549   0.549   1.000
  0.549   0.549   0.549   1.000
  0.549   0.549   0.549   1.000
 70.400
POLYM
  1.000   1.000   1.000   1.000
  1.000   1.000   1.000   1.000
  1.000   1.000   1.000   1.000
128.000
HKLPM
  1.000   1.000   1.000   1.000
  1.000   1.000   1.000   1.000
  1.000   1.000   1.000   1.000
128.000
SURFM
  1.000   0.502   0.000   0.110
  0.000   1.000   1.000   0.988
  1.000   1.000   1.000   1.000
 14.080
DELOB
 24
18 19 20 21 22 23 25 26 28 29 30 31 32 34 35 36 37 38 39 40 41 43 44 45 
 32
0 1 2 4 5 6 8 9 11 12 13 15 16 18 19 20 22 23 25 26 27 29 30 31 32 33 38 39 48 50 53 55 
  0

ARROW
 0 0 0 0 0 0 0 0 0
PLN2D
  0   0   0   0
